0.0 222
1.0 358
2.0 682
3.0 594
4.0 517
5.0 470
6.0 440
7.0 448
8.0 425
9.0 426
10.0 413
11.0 498
12.0 537
13.0 563
14.0 573
15.0 642
16.0 732
17.0 805
18.0 783
19.0 817
20.0 878
21.0 844
22.0 843
23.0 904
24.0 824
25.0 851
26.0 873
27.0 935
28.0 972
29.0 967
30.0 912
31.0 882
32.0 818
33.0 773
34.0 756
35.0 717
36.0 716
37.0 613
38.0 611
39.0 543
40.0 489
41.0 515
42.0 484
43.0 476
44.0 421
45.0 450
46.0 393
47.0 381
48.0 387
49.0 303
50.0 321
51.0 330
52.0 300
53.0 273
54.0 293
55.0 265
56.0 285
57.0 256
58.0 270
59.0 267
60.0 227
61.0 224
62.0 226
63.0 195
64.0 219
65.0 187
66.0 175
67.0 185
68.0 166
69.0 138
70.0 159
71.0 155
72.0 144
73.0 115
74.0 153
75.0 120
76.0 131
77.0 140
78.0 122
79.0 120
80.0 80
81.0 98
82.0 68
83.0 85
84.0 84
85.0 60
86.0 61
87.0 47
88.0 74
89.0 61
90.0 60
91.0 54
92.0 56
93.0 55
94.0 45
95.0 50
96.0 46
97.0 49
98.0 53
99.0 47
100.0 43
101.0 43
102.0 37
103.0 57
104.0 47
105.0 54
106.0 46
107.0 39
108.0 41
109.0 45
110.0 52
111.0 39
112.0 34
113.0 44
114.0 36
115.0 41
116.0 46
117.0 45
118.0 47
119.0 39
120.0 36
121.0 30
122.0 44
123.0 42
124.0 43
125.0 37
126.0 35
127.0 34
128.0 25
129.0 43
130.0 40
131.0 28
132.0 34
133.0 36
134.0 33
135.0 27
136.0 40
137.0 40
138.0 41
139.0 35
140.0 32
141.0 43
142.0 34
143.0 27
144.0 37
145.0 29
146.0 24
147.0 18
148.0 26
149.0 36
150.0 19
151.0 26
152.0 34
153.0 29
154.0 26
155.0 27
156.0 22
157.0 27
158.0 15
159.0 23
160.0 21
161.0 19
162.0 18
163.0 30
164.0 15
165.0 8
166.0 23
167.0 16
168.0 20
169.0 19
170.0 17
171.0 17
172.0 7
173.0 18
174.0 14
175.0 11
176.0 15
177.0 16
178.0 11
179.0 6
180.0 11
181.0 10
182.0 4
183.0 7
184.0 5
185.0 12
186.0 8
187.0 4
188.0 3
189.0 5
190.0 8
191.0 3
192.0 9
193.0 6
194.0 8
195.0 3
196.0 5
197.0 8
198.0 5
199.0 4
200.0 6
201.0 2
202.0 6
203.0 6
204.0 2
205.0 3
206.0 2
207.0 1
208.0 3
209.0 4
210.0 1
211.0 3
212.0 6
213.0 4
214.0 2
215.0 2
216.0 1
217.0 1
218.0 1
219.0 3
220.0 1
221.0 1
222.0 1
223.0 6
224.0 2
225.0 1
226.0 0
227.0 2
228.0 2
229.0 0
230.0 2
231.0 3
232.0 2
233.0 3
234.0 2
235.0 2
236.0 0
237.0 0
238.0 2
239.0 1
240.0 0
241.0 0
242.0 3
243.0 0
244.0 0
245.0 1
246.0 1
247.0 1
248.0 1
249.0 2
250.0 0
251.0 3
252.0 0
253.0 0
254.0 0
255.0 1
256.0 0
257.0 1
258.0 0
259.0 0
260.0 0
261.0 0
262.0 0
263.0 0
264.0 1
265.0 0
266.0 0
267.0 0
268.0 0
269.0 1
270.0 1
271.0 1
272.0 0
273.0 0
274.0 0
275.0 0
276.0 0
277.0 0
278.0 0
279.0 0
280.0 1
281.0 0
282.0 0
283.0 0
284.0 0
285.0 0
286.0 0
287.0 0
288.0 0
289.0 0
290.0 1
291.0 2
292.0 0
293.0 1
294.0 0
295.0 0
296.0 0
297.0 0
298.0 0
299.0 1
300.0 1
301.0 0
302.0 0
303.0 0
304.0 1
305.0 0
306.0 0
307.0 0
308.0 1
309.0 0
310.0 1
311.0 0
312.0 1
313.0 0
314.0 1
315.0 0
316.0 0
317.0 0
318.0 0
319.0 0
320.0 0
321.0 0
322.0 1
323.0 0
324.0 0
325.0 0
326.0 0
327.0 0
328.0 0
329.0 0
330.0 0
331.0 0
332.0 0
333.0 0
334.0 0
335.0 0
336.0 0
337.0 0
338.0 0
339.0 0
340.0 0
341.0 0
342.0 0
343.0 0
344.0 1
345.0 0
346.0 0
347.0 0
348.0 0
349.0 0
350.0 0
351.0 0
352.0 0
353.0 0
354.0 0
355.0 0
356.0 0
357.0 0
358.0 0
359.0 0
360.0 0
361.0 0
362.0 0
363.0 0
364.0 0
365.0 0
366.0 0
367.0 0
368.0 0
369.0 0
370.0 0
371.0 0
372.0 0
373.0 0
374.0 0
375.0 0
376.0 0
377.0 0
378.0 0
379.0 1
380.0 0
381.0 0
382.0 0
383.0 0
384.0 0
385.0 0
386.0 0
387.0 0
388.0 0
389.0 0
390.0 0
391.0 0
392.0 0
393.0 0
394.0 0
395.0 0
396.0 0
397.0 0
398.0 0
399.0 0
400.0 0
401.0 0
402.0 0
403.0 0
404.0 0
405.0 0
406.0 1
407.0 0
